zipcode,region,borough,two_months_ago,three_months_ago,num_increase,percent_increase
10032,NYC,Manhattan,393,1,392,39200
11432,NYC,Queens,275,1,274,27400
10031,NYC,Manhattan,427,2,425,21250
10009,NYC,Manhattan,147,1,146,14600
11101,NYC,Queens,110,1,109,10900
10035,NYC,Manhattan,349,7,342,4886
10039,NYC,Manhattan,230,5,225,4500
11207,NYC,Brooklyn,225,6,219,3650
11109,NYC,Queens,22,1,21,2100
11102,NYC,Queens,47,3,44,1467
