zipcode,region,borough,two_months_ago,three_months_ago,num_increase,percent_increase
11209,NYC,Brooklyn,96,2,94,4700
11001,Outside NYC,Outside NYC,28,1,27,2700
11435,NYC,Queens,83,4,79,1975
10017,NYC,Manhattan,28,2,26,1300
11733,Outside NYC,Outside NYC,12,1,11,1100
12204,Outside NYC,Outside NYC,23,4,19,475
12534,Outside NYC,Outside NYC,25,5,20,400
11563,Outside NYC,Outside NYC,43,9,34,378
14127,Outside NYC,Outside NYC,28,6,22,367
14006,Outside NYC,Outside NYC,30,8,22,275
