zipcode,region,borough,two_months_ago,three_months_ago,num_increase,percent_increase
10456,NYC,Bronx,513,7,506,7229
11705,Outside NYC,Outside NYC,67,2,65,3250
10461,NYC,Bronx,89,3,86,2867
11755,Outside NYC,Outside NYC,24,1,23,2300
11777,Outside NYC,Outside NYC,12,1,11,1100
10603,Outside NYC,Outside NYC,21,2,19,950
11791,Outside NYC,Outside NYC,10,1,9,900
14059,Outside NYC,Outside NYC,9,1,8,800
11716,Outside NYC,Outside NYC,111,15,96,640
12078,Outside NYC,Outside NYC,139,20,119,595
