zipcode,region,borough,two_months_ago,three_months_ago,num_increase,percent_increase
10001,NYC,Manhattan,121,1,120,12000
11375,NYC,Queens,72,1,71,7100
11385,NYC,Queens,65,4,61,1525
10463,NYC,Bronx,337,24,313,1304
10464,NYC,Bronx,7,1,6,600
13820,Outside NYC,Outside NYC,11,2,9,450
12095,Outside NYC,Outside NYC,27,5,22,440
14219,Outside NYC,Outside NYC,23,5,18,360
11101,NYC,Queens,59,14,45,321
14610,Outside NYC,Outside NYC,18,5,13,260
