zipcode,region,borough,two_months_ago,three_months_ago,num_increase,percent_increase
10035,NYC,Manhattan,66,1,65,6500
10003,NYC,Manhattan,46,1,45,4500
10710,Outside NYC,Outside NYC,40,1,39,3900
14075,Outside NYC,Outside NYC,49,2,47,2350
10463,NYC,Bronx,64,4,60,1500
13202,Outside NYC,Outside NYC,44,3,41,1367
11021,Outside NYC,Outside NYC,12,1,11,1100
14204,Outside NYC,Outside NYC,40,5,35,700
12304,Outside NYC,Outside NYC,42,6,36,600
14150,Outside NYC,Outside NYC,50,8,42,525
