zipcode,region,borough,two_months_ago,three_months_ago,num_increase,percent_increase
11207,NYC,Brooklyn,128,1,127,12700
11418,NYC,Queens,27,1,26,2600
10018,NYC,Manhattan,47,2,45,2250
11215,NYC,Brooklyn,23,1,22,2200
10012,NYC,Manhattan,37,2,35,1750
11234,NYC,Brooklyn,35,2,33,1650
10018,NYC,Manhattan,47,5,42,840
14227,Outside NYC,Outside NYC,146,18,128,711
11418,NYC,Queens,27,4,23,575
10601,Outside NYC,Outside NYC,72,12,60,500
