zipcode,region,borough,two_months_ago,three_months_ago,num_increase,percent_increase
10035,NYC,Manhattan,315,1,314,31400
10128,NYC,Manhattan,77,2,75,3750
10039,NYC,Manhattan,172,7,165,2357
10463,NYC,Bronx,171,8,163,2038
10001,NYC,Manhattan,89,5,84,1680
11101,NYC,Queens,57,5,52,1040
10065,NYC,Manhattan,53,6,47,783
10463,NYC,Bronx,171,20,151,755
11961,Outside NYC,Outside NYC,8,1,7,700
14850,Outside NYC,Outside NYC,24,3,21,700
