zipcode,region,borough,two_months_ago,three_months_ago,num_increase,percent_increase
10032,NYC,Manhattan,96,1,95,9500
10075,NYC,Manhattan,12,1,11,1100
13669,Outside NYC,Outside NYC,22,10,12,120
11021,Outside NYC,Outside NYC,4,2,2,100
11953,Outside NYC,Outside NYC,15,8,7,88
14202,Outside NYC,Outside NYC,25,16,9,56
11233,NYC,Brooklyn,3,2,1,50
11731,Outside NYC,Outside NYC,3,2,1,50
11518,Outside NYC,Outside NYC,3,2,1,50
11950,Outside NYC,Outside NYC,4,3,1,33
